[[17 19 15]
 [ 6 46 20]
 [47 44 44]
 ...
 [ 3 37 42]
 [36 15  6]
 [ 1  7 19]][[33  5  6]
 [42 16 39]
 [38 45 28]
 ...
 [45 43 32]
 [37 20 15]
 [30 31 13]][[30 13  9]
 [30  1 24]
 [35  6  2]
 ...
 [42 19 43]
 [15 13  8]
 [35 42 34]][[12  4 42]
 [38 15 14]
 [39 99 57]
 ...
 [21 50 96]
 [85 34 16]
 [14 58  1]][[70 35 71]
 [14  2 67]
 [ 8 32 14]
 ...
 [46 31  8]
 [91  2 61]
 [43 95 95]][[34 24 64]
 [20 58 47]
 [91 47 49]
 ...
 [28 69 80]
 [81  7  2]
 [ 7 47 11]][[36 12 33]
 [34 25 40]
 [11 40 39]
 ...
 [15  9 32]
 [ 2  2 34]
 [19 16  6]][[39 16 43]
 [38 38 48]
 [44 40 19]
 ...
 [ 4 27 46]
 [28 43 30]
 [17 24 46]][[43 12 32]
 [34 13 31]
 [24  1 46]
 ...
 [11  7 21]
 [43 24 15]
 [19 15 14]][[35 33 26]
 [23 40 39]
 [46  0 43]
 ...
 [ 0 41 35]
 [ 5 26 46]
 [26 36  1]][[11 49 47]
 [ 6 38 35]
 [28  5 25]
 ...
 [32 12 18]
 [25  4 12]
 [ 9 14 47]][[44 20 24]
 [ 4  0 40]
 [21 30 13]
 ...
 [18 19 33]
 [14 31 49]
 [21  1 40]]